1
2
5
6
7
8
9
10
12
15
16
18
22
23
24
26
30
32
33
34
36
37
38
39
40
41
42
44
45
46
47
49
50
51
52
55
56
58
59
60
62
63
65
66
67
68
70
72
74
76
78
79
80
81
84
86
91
93
97
98
101
102
105
106
107
108
109
110
112
115
116
118
122
123
124
126
130
132
133
134
136
137
138
139
140
141
142
144
145
146
147
149
150
151
152
155
156
158
159
160
162
163
165
166
167
168
170
172
174
176
178
179
181
184
186
191
193
197
198
200
201
202
203
204
205
207
209
210
212
213
215
221
222
223
224
225
226
229
230
232
234
236
237
238
239
241
242
243
244
245
247
252
253
256
257
260
261
262
264
266
267
269
270
273
275
276
277
278
279
284
285
288
289
293
294
295
296
297
