205
1592
1219
1504
1143
2392
770
1010
1478
790
1422
2346
863
473
2242
935
191
2061
1984
1957
1466
520
1677
2250
310
645
47
319
1043
2299
2102
2332
1289
2230
483
2288
1490
1063
375
2019
2079
2026
1610
2003
677
678
596
817
604
999
379
1509
2270
1732
823
957
1152
1291
1853
832
2095
1622
2156
606
1937
411
578
53
1888
1653
517
2083
821
2116
127
2188
74
75
2307
1455
2383
2260
1011
2147
2225
1884
658
255
2010
449
330
1830
1101
17
1443
842
1722
374
989
1580
2034
121
1549
1572
484
2076
1641
1124
2399
1963
2051
1860
1453
237
1424
1630
1685
1663
2007
2028
1992
2199
1006
1727
275
1183
1903
180
407
1920
2173
2334
306
2131
384
1297
533
2316
1251
734
1552
631
224
1667
839
1047
1179
796
2211
2103
2038
2029
2063
2343
1008
1023
1519
1643
2364
369
652
1536
1938
1052
1714
230
334
692
443
547
636
2185
979
1298
844
1896
1555
1768
2128
2092
1447
392
1302
841
1585
2333
305
883
748
2054
784
1045
1791
1323
611
2344
13
1423
2202
2086
918
486
284
785
1676
2085
1823
1909
15
366
1012
243
822
2353
428
1086
1038
2059
1270
414
43
1789
720
1075
164
849
512
430
475
864
1551
1246
253
1475
830
348
731
477
157
1049
1399
1537
1597
2215
1276
1805
2157
1750
220
2336
1007
1792
1524
889
189
687
1389
2357
2412
1106
521
944
1343
634
749
1019
1210
2050
1835
1207
1325
23
2418
1502
963
954
178
448
1095
1807
2331
1674
932
1440
2210
1350
1482
1205
495
1666
1347
1542
1568
113
86
699
663
2023
506
1934
2301
76
654
1901
616
1369
326
468
1091
827
946
44
2087
2229
1265
843
1799
2111
1832
367
1037
2220
1979
966
1000
6
1479
248
462
1694
257
16
580
2168
2004
688
244
1848
1626
135
538
2060
1464
2228
1493
1725
871
93
1420
173
2071
819
2367
701
3
1949
1379
810
1925
2178
2287
182
1752
2037
697
854
1708
2263
852
1041
2294
242
282
1670
14
816
2081
861
551
741
878
825
1448
2203
973
2198
2369
1348
155
527
2100
2323
361
2277
1484
2167
2328
226
919
612
94
1113
2035
1003
440
1795
1899
2237
2146
2325
1026
1544
2056
498
48
1220
1967
1141
1665
2192
1893
454
1072
1327
1059
750
2048
675
1966
2313
56
1005
1503
148
1064
746
2274
549
35
956
724
2241
2014
389
301
1312
1797
2226
786
78
1840
997
117
1680
364
2191
1032
2153
1651
1806
213
22
982
1133
444
128
1185
563
172
1644
2135
2266
2154
676
2276
546
1982
52
1456
450
2149
1604
1108
2186
1971
526
1878
801
1074
1142
73
942
1377
183
1813
1299
1148
1539
594
713
1290
482
2366
1034
2280
1375
197
793
1335
1309
1321
362
1991
143
2084
879
586
1378
1850
1285
684
499
2080
1442
271
788
670
247
276
1266
557
200
270
974
1196
1229
1056
1318
1033
125
914
95
409
1818
866
2142
1529
419
363
471
901
252
1398
1193
1769
855
2126
1577
1387
1172
1777
1255
930
460
1929
2341
1066
1612
1136
186
4
1540
1474
772
1959
1215
1353
1760
1260
2320
1427
1943
2306
346
1926
1261
345
818
1025
2389
1620
2183
336
2396
1636
575
2213
562
2245
620
1426
195
1778
90
2317
219
858
1863
51
1485
712
28
1070
815
2184
1404
2394
2181
762
1393
2046
2351
2246
1391
280
511
1678
30
519
274
895
716
1373
472
2082
1754
2066
118
313
229
2214
315
1764
1122
1977
598
208
1090
318
33
1814
2047
877
199
2091
2259
1553
1621
1174
1383
709
160
1772
1015
1740
2398
1460
426
980
1915
2145
539
111
1747
1942
1331
2350
2284
1394
349
1627
1146
332
2062
738
791
154
648
625
2193
1382
420
940
1771
996
122
2371
876
873
552
2027
1346
831
1965
488
1100
775
911
2339
2189
1723
1837
2042
1057
1712
1522
994
1164
2036
2052
845
1902
1351
972
2219
773
1319
1890
68
1950
116
2391
2354
1530
59
1776
1821
2172
926
429
1699
2011
1739
722
732
2407
1430
558
1774
1477
1355
703
2124
2273
2253
695
1459
1017
776
109
1691
469
67
210
2075
1980
65
457
1596
561
2360
1919
1027
176
1593
1762
1512
1463
1258
459
1145
522
1973
1918
1632
1935
2144
683
1968
890
431
1238
133
1885
1432
2074
1112
250
2201
1248
89
2176
1940
655
2093
704
1055
515
1969
2400
2309
661
2335
1702
391
386
2012
1051
529
1748
708
487
2376
1541
2390
874
1439
278
1913
1121
1970
813
1259
83
403
2257
760
920
1287
2009
1788
1936
1488
1256
2206
2105
626
470
1829
97
983
1682
544
412
1407
492
1213
1990
1883
402
881
2064
2138
1757
25
1964
2101
1400
1096
795
1737
2327
550
62
1647
2143
141
1513
324
132
92
1599
1073
131
995
759
1645
1609
1316
1222
2235
1349
564
587
718
202
579
1624
1476
1859
2118
267
2109
2094
1654
1232
1733
19
1889
838
2300
2158
1340
1672
273
1252
2175
2345
212
803
659
1320
829
752
1434
1120
1189
1978
2340
1709
1803
190
537
886
848
2217
1800
865
2303
1822
1669
906
958
715
1514
665
908
2190
9
1773
107
1159
1235
1999
2088
2278
2121
1029
1176
894
170
322
1972
1425
647
70
1361
287
2022
1583
1988
1717
1040
294
644
40
1200
1282
490
453
2152
1035
1271
455
1998
1254
767
2255
553
727
1802
1022
71
2352
1566
2372
525
1441
1344
2134
1158
387
239
46
272
2363
1639
639
165
2411
1155
1673
1595
1241
227
225
1311
1735
1204
1329
1390
510
2384
608
1354
1388
2359
297
466
650
1461
39
1983
217
115
2110
1975
325
1844
240
993
867
2096
2269
441
1177
2305
400
1906
1870
1523
1138
214
679
1828
307
610
2177
756
1119
570
1244
1826
295
1315
1494
2261
1744
680
398
583
1623
1891
1326
1520
764
870
2251
329
836
556
1336
1481
1867
57
2282
2072
1053
2397
1871
1532
1227
1554
978
2243
63
1188
672
1742
413
101
2286
1416
1376
766
2098
79
1815
735
166
2249
177
290
2403
1917
1153
2017
1240
331
753
2039
789
820
1703
2115
543
249
2329
518
2108
1236
837
934
201
1861
204
1930
215
1492
206
1036
476
811
1589
1409
222
1820
120
1313
970
530
2133
2008
893
261
673
1683
1876
1125
1833
834
422
1730
309
618
2187
509
928
343
142
880
559
139
1841
1304
1279
1608
0
434
1192
2113
884
1780
1993
857
806
1724
1115
1462
1486
153
1606
763
418
2281
216
2385
955
1573
1567
299
341
144
1811
1406
1468
1728
1710
581
706
945
1039
719
1314
339
1126
1939
1525
1428
159
1364
169
1941
1611
1109
577
1395
1069
2380
1046
938
1635
2070
1030
1401
1947
2386
1689
809
300
1743
1642
1076
833
221
1274
730
2302
1334
1810
1024
1263
308
500
496
595
451
1002
2165
485
171
1995
447
365
1846
1134
1080
566
560
1457
2318
528
1711
327
922
1698
536
347
774
31
1135
1310
245
1436
990
2408
465
1102
1166
480
1233
2368
1211
862
952
123
1916
1147
198
1438
192
317
34
37
607
1526
745
147
1662
667
2222
265
269
1087
1103
338
653
2377
1105
264
1564
1578
1339
1713
1857
1734
456
1607
1273
138
1206
1804
256
1214
2265
1756
2150
965
378
2264
1324
228
479
896
1132
1151
352
1397
1013
948
725
175
869
1371
1292
1370
1363
1190
2055
1687
1996
435
1951
478
1001
353
2290
266
1661
1705
2200
747
1031
2024
1650
771
2349
859
408
2248
800
1385
1794
335
1117
2405
2020
2409
1437
1506
700
1559
1631
535
2120
961
358
344
436
2319
904
1458
2174
924
1084
568
986
1646
45
393
532
1280
613
1067
2163
1719
1657
104
1783
1253
2044
1866
615
1753
1169
1081
1720
406
968
2365
2292
992
1587
1617
736
1510
1337
1895
356
1898
119
168
2196
1948
947
2057
2208
2347
2275
891
2099
755
624
2256
423
846
1615
2141
2312
321
917
847
385
372
2271
900
1267
1358
2129
1250
2342
232
1741
637
1933
1507
710
1700
223
567
614
2123
805
20
504
1182
651
2001
1679
1272
780
835
27
1892
1716
1692
742
1625
1065
2194
1198
1824
129
2043
1374
2296
1414
241
445
357
850
751
1706
371
1020
203
541
1085
1028
921
589
2130
698
296
1127
686
427
1362
1366
38
1014
685
1619
643
1658
600
