1219
2395
1973
1190
1273
2292
1892
2312
1234
496
2098
790
1829
1588
1830
48
1740
2187
937
599
786
561
1985
2058
1889
1602
387
2112
1003
738
2179
1538
372
1541
1732
1975
191
897
955
293
1406
2328
1284
2227
2271
1890
1917
1195
1240
1637
407
618
532
1144
1936
1726
579
413
2067
500
1244
1809
883
558
2366
2075
759
1204
1033
40
1845
91
2149
1327
1458
2277
2049
866
2032
288
238
739
393
2093
486
1870
761
2260
185
1216
603
1848
1993
311
111
1294
2416
2039
2094
175
2343
411
1934
1258
90
1478
1194
898
1042
867
198
1841
564
2332
1875
604
2060
1241
711
2374
1583
575
1113
1666
1223
968
1251
962
2294
416
842
1922
492
83
2409
1427
1923
581
1864
446
2090
840
2102
2172
284
755
1441
785
449
2354
637
710
1076
2028
1127
884
423
1645
869
87
1550
2126
992
268
649
2348
1344
747
1707
1733
1592
1045
1040
1869
1074
800
1387
458
267
1626
1438
107
1183
2042
1221
1689
1915
1039
757
1099
489
202
1252
1292
1363
2156
860
2142
1590
2070
2173
177
1316
662
770
1927
1676
1121
1929
518
1104
1971
1554
137
368
1703
234
1851
1350
1940
1222
814
1712
620
656
1317
1299
2282
54
645
698
2373
1997
935
364
553
2190
1325
2048
1140
306
980
1966
2162
2372
123
843
1413
24
1498
925
1648
102
1640
1056
1467
2016
497
228
504
192
2194
163
900
2199
2306
525
2274
1543
251
1910
1628
1379
151
1210
791
1138
2249
1497
2257
127
464
379
956
1719
1393
9
1159
1586
1213
1307
2181
2384
848
351
2022
1609
2394
1214
732
360
1542
382
459
1331
1504
1035
831
2325
1207
1570
378
1266
2015
1475
1902
1561
1769
162
787
1584
920
836
931
1802
10
2362
569
926
895
1452
772
1454
519
1432
19
170
727
1721
1238
957
795
673
896
106
508
232
749
2140
1339
209
1827
1693
7
1529
1078
1348
1718
945
2415
2036
2133
1933
1838
975
2331
1765
557
1775
536
122
1249
334
1477
445
1816
2099
332
1926
1062
1058
693
1789
63
834
248
531
631
62
2033
713
894
642
1615
1450
1157
877
136
1423
2293
789
687
290
574
2231
1564
1678
299
715
169
1021
317
1994
549
1008
1463
719
1551
255
2278
743
1709
274
1054
2349
1303
2389
277
34
1328
1581
2390
1696
12
1730
361
1957
1636
73
347
1
2168
1153
1001
193
977
909
2057
2084
222
1403
491
1563
2396
424
1605
1480
82
16
1800
2154
1481
2301
1032
1844
720
1224
1129
2329
1068
533
153
463
1649
1011
965
80
2026
1773
658
92
993
484
285
1355
236
204
1276
1067
1601
1057
2382
797
1519
1556
468
342
1623
1231
1037
556
1793
1782
917
1262
744
523
302
1606
457
1803
1226
671
196
1187
1904
203
1778
2030
793
1302
395
257
1049
606
1935
2224
1981
313
1351
1834
542
352
851
1787
1017
2280
551
1006
1671
2240
1608
1443
1799
735
1982
373
271
2401
57
512
585
1400
1797
1007
674
1990
1476
15
1604
1420
237
261
432
2321
2
1248
1447
1559
1169
905
1858
2118
1998
67
485
2383
2037
473
199
1501
2054
443
1743
948
1318
281
2088
1776
1320
1289
1970
1482
1179
1918
638
2145
359
882
724
1314
376
788
211
1716
129
2104
1131
2419
105
383
696
1806
1152
401
1898
158
1235
1837
375
225
1196
1814
1737
2040
1701
609
4
1097
246
1557
854
910
2300
213
1979
1906
2358
1914
748
56
1567
1748
3
1342
996
665
2402
2119
2341
115
333
906
703
49
2253
1783
2351
1181
1638
752
422
809
1269
2350
753
2302
59
346
985
2158
555
688
830
803
1388
1839
1158
297
2410
483
1578
994
1771
2134
954
733
779
338
132
621
32
1723
1865
1369
1407
1096
1842
2167
2198
617
1496
327
96
1312
412
1182
530
2311
973
1667
712
1404
929
663
927
632
2052
930
410
356
1341
1347
526
940
1142
20
1531
447
331
633
1527
509
1656
2365
528
406
1279
1505
1630
716
1879
766
979
908
2259
1823
2031
1951
454
1697
133
1642
1657
540
435
1061
1395
1394
1277
1041
353
1418
1199
307
46
1296
1246
1553
1948
616
2269
1433
328
1734
1077
903
1619
750
545
494
600
77
709
1043
1108
2073
480
2200
471
1521
386
292
1237
1022
1489
1770
1445
891
21
1512
2338
467
1727
1631
529
1710
1764
1101
1731
2109
890
325
1154
892
1722
677
2195
1338
139
2176
1230
172
2100
135
918
273
1805
1136
1907
1911
1945
1566
126
1815
2207
2285
396
392
653
1901
682
978
1532
1650
2296
1714
520
1009
1492
1012
704
1655
535
1274
495
2078
197
1665
1083
159
588
820
1747
2357
921
398
2364
1146
780
938
1795
1469
2125
1330
647
2317
2120
984
130
655
2268
799
2010
436
864
444
2189
173
321
2203
1530
2147
611
1110
98
952
1161
1547
852
629
2291
1818
1801
58
1014
354
1046
560
38
266
1264
1618
1961
2335
740
1822
741
2258
430
1171
1091
2412
1272
589
1738
2082
1439
1080
1315
1089
187
1819
452
1399
155
1398
1217
1118
2069
1247
1528
775
1451
563
1517
336
1510
2330
1509
477
1854
74
469
2262
659
1368
1282
2256
1028
537
1112
456
374
861
949
2392
1622
431
171
826
1352
2085
824
1537
1533
1365
2379
403
348
811
1319
1508
250
78
1944
1544
1359
295
442
624
481
208
2025
339
859
626
1425
829
408
805
511
1255
1323
1378
99
2400
754
1349
1329
2303
1254
554
409
490
1030
2225
2244
646
335
1193
2347
1197
245
2072
1377
2217
1422
572
2157
625
1417
2122
2413
1166
355
1711
2209
1200
1580
47
433
109
943
2018
2251
341
798
914
1681
782
1852
308
1976
2141
1372
2243
1271
684
1466
559
1335
717
721
2114
2076
1474
1167
657
140
769
1568
312
2043
2290
114
1862
2201
310
22
1573
2050
1485
1236
888
1673
607
1002
1172
539
1899
946
936
664
488
322
1600
71
2212
880
2398
95
1313
466
1591
510
1670
2399
69
1082
522
1356
1133
951
1106
2004
2202
2123
1184
1880
810
1435
1412
2223
2342
51
223
2213
2152
389
37
991
2175
2000
2267
863
1308
2361
1943
206
1680
1894
538
615
995
2117
1098
2079
493
1831
1662
783
1177
1755
2245
804
419
849
2228
448
667
1930
2024
1804
1589
1018
2071
1297
2367
1384
131
594
1746
33
2239
1700
2174
265
291
1882
110
1024
1421
2009
2170
2368
587
2210
1824
1306
2279
1872
1885
1360
2132
1715
1052
264
1280
835
1059
1807
1675
1784
1486
2324
462
65
2388
1383
1440
134
1488
1836
1989
2041
612
913
669
68
1515
1644
2391
2188
26
1817
2185
516
1988
2355
418
855
1810
1690
1688
101
1069
2370
2276
263
2008
2068
2127
1744
1953
2283
1201
174
1428
1647
207
1446
2246
608
1434
998
641
1290
1170
1283
1065
2387
1646
233
939
1103
1955
1536
652
1375
286
546
1545
149
369
13
751
243
2221
1791
498
2346
893
1125
762
857
1401
2151
794
85
30
1757
862
279
571
84
1629
296
275
475
2375
807
2345
2034
2128
305
2169
2180
399
1442
1150
1275
2377
1540
2229
1389
825
2083
1632
598
229
72
1066
2403
1679
636
53
1192
1087
2236
2270
1585
1759
1786
875
1242
601
614
1963
476
2138
1263
1857
1453
823
2216
661
1354
833
36
2356
1969
1977
1162
147
881
832
1092
846
1621
1525
694
963
402
1300
635
42
182
1081
1785
1683
2197
911
2326
1353
116
366
1456
108
8
1075
2029
1654
1337
1180
1044
1029
1410
384
1937
2261
474
262
1612
2013
1702
2116
534
2381
1100
2411
1287
2047
329
934
89
1191
2289
1309
1336
1268
164
1686
1405
1908
55
221
1163
1687
1986
2333
304
121
1151
1840
218
827
2214
2059
1772
2307
1460
1861
1758
1178
1677
2007
2061
453
28
320
482
113
2080
2264
1582
1025
692
1874
2108
1931
1739
947
1895
505
1995
2011
573
1220
725
2053
2081
1720
1828
1122
941
1947
1860
678
1903
1487
972
681
527
1228
1651
2182
1333
1526
1996
651
1267
1572
1833
1603
216
1939
746
1345
1382
2219
146
1593
1713
103
1849
865
200
1796
1867
283
1500
967
1385
377
912
371
2336
685
1429
1149
1534
357
1571
1015
1310
2315
128
415
1635
1265
1752
2281
150
1736
736
2161
1959
562
180
583
1168
543
1324
983
61
