1180
2227
2
278
1175
1653
2309
1037
1025
2176
1017
2044
167
2042
1330
627
624
1049
468
674
2200
662
1619
2310
254
673
2201
186
2365
2249
623
360
991
625
878
544
563
398
1862
1515
523
956
365
206
1623
2283
663
36
1674
619
2369
473
1910
1063
2375
1355
1892
1293
1187
1292
812
1324
817
1990
93
2199
1665
2366
1100
1646
552
1450
1626
1094
176
1615
758
1828
109
1763
1970
1708
1036
196
2171
827
604
1394
1927
361
1481
1444
477
1306
2402
1378
725
538
1340
252
2186
63
1302
2062
777
911
1897
28
1759
821
419
82
2353
502
138
1267
1656
1680
1136
1459
1090
216
1907
2169
1914
606
2410
1746
1196
1802
1650
1073
2077
1482
715
781
2319
246
1628
2244
327
890
934
1818
813
988
1108
1718
826
2147
2254
114
815
1597
713
1622
608
422
545
855
1961
1258
2146
259
2385
217
352
1191
1611
508
2029
2350
161
405
1364
2317
267
1350
2095
1664
729
892
1891
509
1308
1761
2306
390
590
511
1535
1272
997
1973
2316
1603
681
30
1775
280
1912
873
1414
479
865
320
78
679
316
68
1799
786
1929
886
1400
1967
504
194
1972
377
1542
263
1270
978
1679
1845
1769
456
2286
1390
2180
1844
2150
289
2204
1819
35
314
1686
1051
166
424
2355
974
8
1098
959
299
2170
2019
1637
1726
1059
2409
2381
629
2211
1047
113
2184
1506
1820
312
954
599
32
1226
979
1181
2165
2107
1796
518
1792
1528
459
1714
171
658
233
1562
1142
208
1546
1877
957
501
418
304
2117
1707
1859
1185
1423
441
1785
2196
516
1451
1823
1959
2192
1221
1509
1841
537
1105
1099
1988
1688
22
1913
2225
362
520
1895
148
847
1202
802
686
155
1559
1314
514
1848
889
882
915
986
1888
2252
1850
697
2337
2295
896
415
666
618
294
2191
1612
62
1297
981
1379
215
864
2228
771
2349
1428
909
1951
2194
437
2085
2358
1436
407
325
1205
525
620
181
1328
990
1243
379
769
562
645
239
649
1706
760
442
2078
2023
1495
1464
1867
83
1213
342
448
764
1396
1058
1031
964
1701
328
79
2174
1033
1687
1337
2314
1
1566
1606
391
213
2392
1004
2173
1725
470
654
2076
242
582
1766
2336
1636
1176
2081
1244
1248
2364
926
1634
2351
1375
2242
581
1369
241
925
110
819
2053
1448
1161
102
1132
801
656
528
2386
611
829
1935
397
1013
2229
283
409
358
2132
1809
2292
1255
742
1712
1723
1463
1237
1880
529
466
1284
2082
2407
1484
1119
669
966
234
393
947
492
88
2368
1245
685
1095
587
1539
2302
1534
349
1730
1183
1135
565
1341
1377
2091
2245
1235
1338
751
1165
885
591
2371
630
840
2339
318
903
2028
1601
638
1803
1003
1097
1500
845
831
857
825
143
2248
1501
1349
1048
430
602
655
47
401
260
2090
1618
1334
426
1427
803
1126
735
2282
205
848
2334
732
472
1662
1942
1834
556
1032
1960
2057
1486
152
952
1930
1860
775
331
1625
209
229
2031
1883
436
1557
2039
1852
1905
1682
484
100
953
637
1304
1595
174
756
10
1029
2260
2162
56
248
132
708
1206
894
1742
772
160
867
1999
1567
1210
1420
1599
414
1552
1357
682
1457
45
375
1689
1977
1018
1934
2331
173
1439
387
200
27
25
1060
1162
1779
1252
923
1023
1430
333
1070
2188
588
404
860
1483
609
2051
1116
225
1318
153
1508
471
1624
1168
1069
605
2408
1541
1146
727
583
1722
765
1218
1279
1740
1523
1491
884
483
1876
315
204
180
977
870
2139
2398
849
2207
1117
2094
1086
117
1981
2345
950
1288
1236
1182
2100
856
1984
2049
2189
129
396
1924
721
2359
941
689
946
1881
434
243
2034
1874
1122
546
1240
1200
1548
1774
2026
57
1346
2340
1522
2290
1179
336
1847
541
1259
271
1186
2266
1085
907
1454
2130
1630
622
487
833
996
1322
2397
429
1222
1476
1112
1952
395
1659
2041
1570
195
724
1411
1422
2083
175
1498
1468
1147
1920
653
1989
2102
1578
177
1141
402
1896
376
1691
1064
1962
2259
2012
580
1608
1735
1957
158
465
335
2372
919
1979
1299
60
121
2361
73
558
491
1843
97
858
1870
2086
837
1789
482
2235
1721
1886
51
244
1978
1530
2276
2274
773
2138
1316
2079
1075
939
2143
1271
39
1577
1276
425
1145
949
207
495
460
747
901
2092
2256
2297
527
1918
250
2343
1251
2061
676
1227
559
1758
279
969
1941
754
1011
2119
421
1104
1285
1916
2167
2296
458
612
750
350
1410
1247
665
1287
1277
288
992
2046
1254
783
2373
354
1278
810
345
808
1673
1576
187
542
2326
1417
1602
749
9
2030
621
1648
1188
253
406
1794
103
1729
2403
1067
700
2370
881
1458
1505
1719
615
165
2009
806
1613
1261
1373
2005
2065
496
944
1756
800
1899
105
228
648
2399
2251
1948
1022
2055
2113
238
438
1487
702
1365
53
357
1772
338
1386
2281
257
1020
1232
410
628
347
513
2311
1825
2054
1344
29
1421
2043
478
1980
1955
44
2126
1368
670
891
524
1853
2247
1353
356
386
942
1586
184
945
381
2135
1462
2159
2193
1733
1113
310
1381
107
2404
1173
2206
1604
364
480
467
298
2277
1866
1734
139
1660
323
1343
567
486
41
1717
1197
1052
301
1461
1985
1919
1771
1002
1053
554
2418
23
2111
4
212
1837
1621
1208
1561
43
2071
1842
1262
1800
734
1642
226
1076
199
1727
746
1524
1657
272
2010
1778
1743
444
1744
1359
657
1697
741
1028
586
48
1456
313
2388
1440
2262
543
1015
761
1040
768
1071
214
962
475
1115
256
1327
2243
2414
1583
2182
2315
90
221
2273
2379
1620
1332
183
490
359
1933
269
261
135
561
2036
852
1303
1199
576
1684
1286
485
2313
1000
373
1527
1992
1519
744
1947
1617
548
1956
2367
993
76
1901
340
2088
2198
1884
450
1360
512
2108
1702
432
1529
868
1833
2405
2084
1514
500
1536
1854
1265
575
2120
983
994
809
1008
290
13
1257
95
1776
1014
1851
1632
585
443
703
69
863
343
319
2037
1861
1408
2087
1385
382
1588
900
2112
348
249
1807
626
1757
804
2347
943
1370
1904
2195
1938
1133
1865
1610
1571
2163
1633
2129
1716
846
835
416
647
1434
965
2208
1925
930
2213
1323
1044
476
2152
1609
497
816
1298
322
2267
1283
1496
995
120
84
346
530
1964
1826
1937
191
1358
1111
535
144
797
222
1889
1478
818
1587
1703
787
2068
1389
1043
89
887
613
1764
330
2008
710
704
633
691
2011
2116
1475
1419
1767
224
600
1331
371
1739
1705
1215
778
2241
1974
976
1700
2125
1855
1643
2400
650
133
1768
2293
1813
698
1233
678
1728
1489
1812
824
1170
408
1565
1131
339
589
98
85
874
1320
1021
1909
449
2258
1517
232
2064
2394
1817
454
2344
722
2218
652
1078
1039
531
1810
897
462
2308
334
1062
1388
1101
2330
1065
869
2217
1616
337
1516
572
1415
146
247
453
716
1367
671
790
1580
1931
1317
26
1590
660
193
1507
417
1695
2016
701
1784
236
1944
1605
1467
1987
731
295
1077
905
683
2073
101
2145
1836
1121
1550
1466
1672
2269
780
1563
1683
2231
1968
2357
86
738
1214
150
326
411
1928
1551
1151
1241
1875
1824
80
2415
74
1783
164
1127
134
555
517
1512
2013
1547
329
447
834
532
1361
2291
147
159
1348
1140
145
1640
307
1671
2270
1738
854
1114
494
631
707
807
1835
1034
2362
1573
2322
1442
1406
1641
292
297
1922
55
1321
2179
2220
1398
651
1103
2032
635
1412
2072
368
7
1130
2172
1159
579
2203
1280
740
1943
293
998
1081
151
2209
1429
1667
2393
1228
1128
908
141
822
968
1050
880
1696
2063
33
1831
265
1997
104
1156
1387
1805
752
2097
920
916
392
1150
961
1143
1409
1747
1309
1009
1692
811
1765
1148
2279
2160
1311
2333
695
2328
2401
1822
1061
285
2018
1936
1443
842
940
1801
374
888
1083
1384
2105
201
1827
1950
2128
2066
522
1750
440
2168
1144
893
836
2261
1494
1019
1996
403
739
2074
861
1711
667
640
2104
1497
2289
574
2001
578
211
2338
116
973
1520
913
311
1445
1720
1685
521
1502
420
291
1275
277
131
1154
2178
1024
1893
220
1786
519
1690
1109
1830
936
1164
2391
1416
130
1840
287
1661
1471
1074
1426
2265
2109
2257
505
