1408
514
981
911
135
1568
645
893
91
441
806
2217
141
2099
2177
244
1285
1512
1186
2170
1677
740
264
2255
1472
567
905
504
2102
564
407
1995
436
1099
153
1667
1351
1010
1656
1582
1229
641
534
418
2320
1454
1385
1460
875
326
1883
1842
127
2060
28
1448
2310
1864
1001
1272
1237
410
2226
726
761
2190
633
714
548
408
778
553
2142
1470
1422
1390
1199
1771
80
2249
96
15
1648
88
1704
2015
993
178
520
2378
792
739
372
2161
1961
595
1976
2187
1415
53
1835
561
749
319
637
1999
2375
377
2356
76
795
775
1873
970
2321
1846
1848
2149
976
154
137
1047
2016
1213
1818
1954
278
2259
1401
342
974
793
1782
1201
2250
434
1665
856
1178
1423
819
1231
1538
709
1854
1613
311
931
559
2213
580
344
522
1796
1081
639
2169
516
1461
2196
919
1807
57
480
1221
2070
1910
1358
1236
1440
113
2279
2326
180
1969
1382
1305
1169
185
886
1728
258
950
1785
2106
998
570
2278
2047
794
1144
175
1046
2402
367
1119
811
1533
253
1521
1282
1402
1495
764
1524
1361
1352
2415
984
894
1725
1172
1843
977
1885
281
884
2245
1549
1743
544
415
2346
1336
2017
287
1907
763
2024
2334
2108
1761
2325
578
380
71
2210
1145
589
1596
1103
509
469
492
653
1926
1359
1038
829
2385
1215
207
2284
404
600
1134
43
1049
752
2143
1923
2124
1640
1157
2252
138
929
781
2171
260
1626
173
2064
1688
1607
1204
23
1847
1507
2271
1917
1963
1905
2392
715
1654
320
1918
1322
1464
1992
1935
423
861
1325
403
2112
2409
1235
586
1167
926
857
435
1903
1509
808
1872
991
2235
347
192
1583
650
1493
1459
156
2134
1631
402
1880
1261
1420
1803
1585
2406
309
1750
2049
2030
2151
1948
1289
284
1529
268
1792
2280
835
2116
549
1377
543
1985
1721
145
1114
280
2182
1226
208
2330
1755
1158
2261
45
79
1730
557
2110
2318
1331
1347
627
1823
1670
1694
2276
1638
1844
276
1428
1369
1079
1876
2090
2125
2308
389
355
470
2012
73
581
255
1197
1841
376
1650
1573
2343
1092
234
2377
965
1374
830
892
2340
679
2000
1416
1021
490
1030
252
32
373
2293
0
2309
565
881
370
667
1624
1765
2243
270
1439
2381
2141
2109
84
885
2183
1279
828
1089
2296
2188
1817
1025
1695
1007
1933
540
1009
333
1300
212
1970
1489
677
558
2324
321
2010
1630
136
1965
2369
2032
1195
1249
2018
1043
1718
1887
723
1793
519
2283
920
2081
1381
1531
1463
1451
2157
813
1581
196
956
433
152
1696
1820
1579
1164
615
1412
2180
788
2185
2328
1801
900
2304
840
227
1397
1141
1372
510
1576
1621
1400
1437
2234
230
945
491
349
699
1207
1161
612
928
329
428
2011
2323
1194
1287
852
2370
1662
2347
65
1321
1033
315
2165
537
1251
1994
2333
1738
1129
909
999
938
1112
2173
1962
728
1252
689
1115
1243
55
2113
1006
1544
33
654
1712
468
1
2411
923
1118
466
1146
2062
2417
393
1619
1858
1294
2046
2384
186
1266
1362
46
18
2205
2140
1064
2260
1778
129
216
81
121
687
768
383
1138
1632
1125
1805
335
664
1480
1072
1111
2184
756
2290
1551
2305
148
1697
217
392
631
12
1634
1062
670
2221
425
353
2040
2313
146
1340
364
2322
698
1042
1732
967
1149
239
1744
802
1419
1687
2241
1191
2407
2007
757
1241
2131
2164
2111
1452
54
66
2004
1496
1784
2095
2256
1210
1002
343
1297
1915
2025
114
93
1900
1094
1794
563
1424
879
1057
624
506
1131
1405
1200
63
1642
482
1219
1306
481
1166
95
39
126
2251
878
936
413
1087
1681
1481
649
2269
1442
2166
198
1339
1526
1124
484
1234
1959
275
75
488
140
1222
179
1800
1987
2036
560
1499
846
2355
1974
680
1017
2277
980
37
2097
1268
576
2087
1625
2162
770
70
2052
13
1850
2327
1380
1866
2076
2160
2074
663
758
2148
2288
1600
1789
1270
305
959
2145
1781
1014
685
1855
85
1733
1956
2003
1644
1717
1689
2204
870
2136
694
1085
2073
1039
498
499
1649
2144
1363
167
2368
2247
118
267
110
1795
568
1833
1822
2315
442
1391
2
1636
1598
1832
2363
2314
916
935
214
1852
1314
1387
1831
724
99
1745
495
995
2103
1258
1275
1430
598
583
1346
1435
1673
125
1084
1458
1366
164
500
1936
837
69
1601
1307
727
1326
2147
1930
1980
2044
1510
1028
2418
2387
2129
1136
1121
1429
512
195
378
2382
1798
2300
1447
2354
409
648
2023
1467
1537
286
814
2198
501
1937
1162
1203
862
68
2211
1487
471
1462
1128
844
2410
445
2083
379
97
1104
868
946
2127
1170
2086
2246
168
438
1759
1593
1806
1682
1106
340
2058
2061
1830
256
2345
2360
1105
1902
2419
798
271
1209
701
599
949
2233
1989
675
2307
2273
1751
497
2395
642
1193
35
171
1746
1672
1950
2263
982
1074
1816
907
473
2089
1348
1311
58
1651
2228
2337
250
2123
973
1606
2413
1611
1929
337
623
1657
1845
2219
2359
422
2316
472
1851
2312
1277
924
1709
265
1256
177
1527
108
1812
1364
106
1949
1975
247
430
1799
1168
1323
27
1555
696
2175
2037
955
1720
1777
1320
67
1620
19
62
1080
2085
368
1227
1152
1060
1349
790
1267
1572
721
531
2179
1951
1608
2168
1982
245
695
1097
903
697
824
1501
1791
2274
381
1036
957
132
221
1599
1389
362
130
1893
283
29
1669
1896
2299
1384
2189
847
620
2041
459
354
1983
2154
939
1604
274
1722
896
1628
1154
1532
1283
1254
682
2281
1399
1286
2282
992
818
1676
2383
1567
1098
2367
2230
1802
285
877
1061
865
358
2028
1541
585
1086
1629
346
324
1342
2240
606
1584
791
769
1559
2272
42
1641
1710
657
2132
2416
1122
2002
1262
312
226
2066
365
716
1345
1829
269
927
1329
888
2207
2362
24
2201
2242
236
1754
1109
2294
961
1455
4
638
464
1772
474
1425
686
77
318
1787
1041
2298
810
424
505
432
1434
1824
628
2262
456
1223
651
1615
922
1924
2133
2020
1318
1767
1863
2371
1856
2366
705
617
1175
1742
1522
1595
1723
1726
917
725
1327
1525
1702
1018
204
1724
150
1293
1198
272
1932
947
401
1515
816
1857
222
313
707
858
1248
2080
1637
1715
722
1078
1456
419
1837
2191
100
676
1871
1545
1931
820
826
672
1188
1353
1914
1052
1240
762
1928
669
569
1518
371
1870
1534
619
292
1069
964
1367
1354
1875
1588
134
1356
2302
985
98
1113
1299
1506
382
170
44
144
643
2342
2373
1707
1484
524
2159
1882
1890
2254
821
1602
1542
1663
1253
1313
2194
2055
2351
1874
2006
105
507
2357
910
2092
1276
1475
398
735
880
2013
1396
1035
306
1966
866
1815
2126
2152
986
2270
25
1569
348
2031
1127
786
2072
2227
1230
38
2329
1449
1868
605
640
990
899
515
518
2019
777
1505
1513
9
1473
547
1552
772
1298
807
219
1892
1392
1045
1940
406
31
2153
1027
1919
2372
1839
2348
1998
1133
257
2393
2174
2075
1925
704
1093
979
390
889
706
56
1278
1371
386
1024
659
972
2001
1760
799
1535
228
876
1224
1825
298
2405
2332
2335
463
2039
622
812
119
375
545
1126
720
351
187
831
994
1786
213
176
149
172
690
1100
1410
1719
1177
117
1757
2389
703
552
302
494
833
241
1991
194
478
789
2224
83
2361
1474
711
712
1151
1813
1132
120
2054
1228
2253
745
1633
1073
2050
968
1406
440
1911
1096
895
2118
202
308
1971
1135
1000
1015
193
1150
316
904
240
618
78
1884
2021
48
1741
1539
1378
1174
2291
571
656
450
1674
2026
767
182
673
934
416
238
2146
2192
1192
251
787
2376
1740
2412
1860
8
636
266
420
363
528
1938
11
2193
621
2199
747
1337
52
2048
2380
517
1610
848
2268
1897
2119
800
1660
2156
2303
1355
485
2388
2027
36
1189
34
1142
746
1242
2051
1263
674
448
587
1686
1498
21
1678
854
142
1067
1664
1770
1727
87
530
183
948
2197
1184
1711
898
1779
2341
26
1797
405
1117
1225
1788
1413
1561
2202
954
133
1246
1698
873
1693
944
1208
1013
1881
1417
1578
107
1214
174
2365
5
1979
2067
2286
1431
394
864
1594
249
1819
2084
1216
248
2053
1691
262
729
1692
658
411
2222
2223
849
1617
629
1153
1952
932
366
301
523
