1801
379
428
2272
1926
1624
2343
192
2036
1085
270
918
1464
41
1671
2057
1376
1434
812
966
1478
2290
2045
2002
2390
1694
1857
1104
2102
1923
2156
1436
2293
1415
1793
174
2098
20
181
1223
401
1789
933
1534
140
2357
1774
1907
7
203
242
1176
878
397
795
1273
1180
1034
589
2155
2099
390
319
499
446
1336
1510
247
706
630
1482
763
2253
1399
1449
568
1195
1840
1733
1817
2350
811
2103
213
1514
1735
1528
1047
1620
1383
1113
1499
1871
941
1189
84
1565
1829
2412
800
1330
1741
1225
1903
1041
1141
1146
1826
91
2229
827
1990
1106
1151
1484
725
2172
1807
450
1618
2089
709
1753
1060
533
429
17
1742
2328
2296
799
809
2362
1072
1135
1062
1989
1880
1676
1190
1099
2365
340
1524
681
1224
2179
1773
1358
2292
2226
15
47
267
801
2241
2185
982
987
1669
1503
150
2176
541
1481
1738
1148
1537
146
1607
2060
847
1945
908
661
1240
905
1911
976
1093
2195
581
5
1692
1331
1750
683
80
1800
346
1290
1712
634
958
885
1454
195
922
968
382
1596
784
1725
974
1233
451
757
2382
2150
2334
536
2143
1314
1215
1018
747
398
1375
873
1026
2407
898
1285
611
109
2318
1094
2199
778
1417
2380
305
328
1301
14
2252
220
149
1759
846
1054
142
2066
2327
1852
1928
577
1472
387
306
871
895
708
2383
1633
1515
1700
722
218
1846
208
582
1564
923
1278
2092
2070
1050
1920
684
1897
932
300
1473
1993
1854
1409
2109
505
1680
1862
1726
1855
2157
1035
880
2026
2118
942
1494
804
318
1161
1466
1605
268
37
1324
280
2217
44
134
1460
1775
1647
240
2397
2134
2140
2014
1462
560
2158
277
1266
665
1329
216
1691
2132
1025
90
33
1930
370
535
1298
403
565
2063
256
842
425
1489
2273
767
2007
1823
1560
1205
1924
1567
1350
1257
825
156
40
1043
221
2034
1883
402
72
1216
802
1132
818
2016
962
1263
1306
2115
693
73
1109
807
226
1291
381
1517
183
189
197
62
1130
2076
734
117
1398
1570
607
1037
2356
473
141
27
378
1787
2388
781
178
1044
556
1737
238
528
1040
563
257
1580
1632
1090
16
494
1318
1917
167
1341
1028
372
358
2168
1386
2081
648
67
513
1557
76
1335
2011
555
10
1762
1878
949
261
1964
1254
463
1297
1835
459
63
1427
2289
1102
430
601
169
87
759
292
638
307
1583
512
928
739
1505
207
1121
2174
1186
785
2297
1931
1365
158
1076
754
2257
1052
633
622
1910
824
729
2243
586
1274
1031
2171
2054
101
487
1431
1170
2128
2359
2033
2236
851
2169
1587
815
1142
2300
1337
54
1096
365
1067
910
2087
2329
283
1662
1092
264
1228
1847
946
984
1313
2010
130
1014
960
2210
2027
1947
355
2074
992
2187
1543
88
252
1382
485
1851
2108
1655
1551
13
1483
1226
704
386
356
113
61
1475
934
980
2133
663
876
2372
2208
1797
1004
903
1702
916
2005
2358
1448
266
1236
1577
557
1450
1374
1549
368
1705
2255
1476
1729
524
383
385
2336
2404
587
2025
1198
1191
457
1038
1779
2320
1429
947
2219
1407
1508
36
1139
585
1397
865
1654
2306
1956
831
2338
685
1785
1695
274
1867
350
517
1969
2267
1461
553
1744
652
1916
891
229
437
985
1935
1013
138
1477
1905
303
792
930
65
2178
667
486
1938
943
789
1173
131
1519
2314
2129
1247
2201
931
2400
2248
2370
855
2346
664
1479
196
1327
907
502
670
2339
2216
1906
1722
1872
1377
627
866
1200
129
1957
1657
822
1572
511
1527
354
1720
1974
360
2213
689
1670
538
1614
1728
1511
1333
2197
1908
671
1074
1220
1743
637
775
732
151
188
1554
1468
352
1539
707
899
1230
989
765
2209
1391
840
1877
1490
1836
969
1219
465
2068
392
2295
294
854
2316
64
2220
594
1805
331
886
384
1245
1962
1497
1251
2119
1856
2152
1642
1630
1066
1603
532
477
2193
74
543
1921
1021
1203
1606
2144
326
874
2366
1117
103
1985
695
1182
471
184
1349
329
2228
2304
788
1488
1768
1568
2137
1432
1380
2419
114
337
981
579
1008
2023
1929
1002
1036
1015
1784
1937
1393
55
659
1068
1437
1889
79
1882
2335
2348
2393
2315
18
1279
1378
1413
1734
2378
573
1
1281
1163
1302
464
11
642
1553
628
313
991
1172
1881
1827
2247
281
912
1458
1218
1075
1229
1267
145
750
1582
1640
645
2146
1071
1610
1643
157
1162
344
2218
641
1355
640
1631
2406
1084
1555
805
22
2163
654
2325
1345
887
1949
1492
1659
1394
1114
2139
2101
561
1474
828
1385
2000
1664
444
205
2028
951
42
2050
299
1022
755
118
856
1998
554
132
2047
1876
1501
394
454
1983
1373
682
1370
1783
2310
1525
1685
1546
604
93
1214
1749
334
1419
1061
1648
1101
25
861
2411
2095
228
521
1157
1558
1087
1815
837
1561
2001
1690
1459
954
1810
1895
660
1416
1421
2268
977
1536
297
2125
172
147
1559
219
419
1260
115
572
282
1356
998
672
234
2351
1143
2402
1809
1933
2044
224
1696
1639
551
2020
2147
1317
1147
116
1711
688
2124
2009
1145
1716
408
155
1825
2274
232
2142
2149
1446
1299
2061
500
2330
1625
2126
979
961
1781
466
1311
1486
1392
1430
1275
1300
762
777
2301
1626
1912
2264
680
100
2184
2303
515
643
75
1677
2384
1197
2190
1158
106
957
1683
848
959
2409
2117
810
2097
253
1925
39
2332
761
298
1480
2368
1178
794
2260
2377
924
1698
1108
742
2347
1086
445
1244
1396
1598
2278
449
1289
2207
1344
1813
917
1368
1658
2302
999
210
496
312
1023
1914
1602
1388
1896
2405
405
832
153
1411
284
1832
1357
127
241
1091
2266
455
1269
418
740
621
1283
2200
779
1017
988
323
662
1845
657
1232
1443
2177
1518
1319
470
2354
236
1663
1782
737
1222
489
2094
1288
550
1751
1688
1403
1064
104
414
1268
870
1802
1804
547
1270
2349
567
1788
1730
1362
712
1556
1644
1227
2311
2238
914
2212
1548
2073
2408
2221
1739
1888
310
2223
363
1693
222
691
243
124
764
320
537
748
1552
483
576
441
239
476
978
2222
1119
1210
332
1791
676
246
803
937
635
1591
148
175
1265
1295
1859
1885
126
2096
715
796
869
1404
529
2067
107
1544
2342
1770
598
420
1513
2075
49
215
481
288
668
341
2395
1541
1080
468
820
272
1286
1402
836
896
1831
19
940
1898
1414
2391
939
597
1892
1029
311
1611
904
1123
1126
596
1538
53
1127
187
434
2379
716
1441
994
1250
2065
1709
2114
391
1628
60
431
1237
342
435
2145
162
95
2287
1440
1584
2258
2214
1833
166
1963
338
1238
493
1206
1209
618
2093
1207
456
225
2259
289
770
1211
1159
1530
705
122
1767
741
1264
1542
1438
534
1046
744
176
479
1053
718
1348
935
2385
786
1545
839
212
186
752
1660
1961
590
766
719
868
1129
1811
1943
1601
821
1523
703
1653
1160
2249
2250
1516
2183
43
1713
327
193
975
1155
2410
1469
1351
1156
98
2254
2211
829
2141
626
77
620
522
1799
583
1939
2194
2072
393
888
2413
1453
1616
698
1095
1134
595
1752
1371
1272
59
2083
2340
1208
646
2403
1900
721
474
877
99
2032
2308
701
1246
168
1822
273
2263
1806
1540
782
1305
458
1940
279
1794
1433
2233
2376
2078
1604
202
1629
1579
2276
1966
1571
2166
1381
58
1435
2079
2240
1820
1987
2170
2024
1589
1326
1991
826
2091
316
1455
1243
152
177
624
841
1221
1566
1495
2175
4
2353
2022
191
523
2206
2373
1839
501
605
57
1387
2204
1904
1000
972
1597
948
309
1844
1287
1171
460
610
375
2270
773
2237
1870
510
1353
1118
85
2307
1315
697
2288
901
2416
2030
2120
1715
2164
120
1165
395
2198
200
1379
889
1893
1428
1665
1137
531
1185
900
853
2283
519
1366
883
1710
830
330
835
2021
9
263
2281
571
1879
2046
602
798
2040
834
467
92
1689
1865
2131
2153
1322
738
1309
1507
1423
1088
1576
1623
491
1204
2322
1984
1682
527
2234
2191
2326
1977
1042
1786
361
674
2261
415
1866
472
1978
1909
1599
965
1719
860
112
1252
399
1981
2271
1980
1097
1764
1512
1098
906
2269
1634
1853
81
653
1573
1312
1128
1887
258
833
244
2337
1100
2305
265
2106
1721
170
1491
1422
2192
525
760
233
1976
1988
