103
1048
1197
660
661
263
753
955
715
815
1097
891
852
49
791
65
884
844
495
1042
721
497
382
950
370
146
570
322
976
1049
591
702
693
1203
418
840
1084
983
220
1091
1210
46
1055
1196
224
876
234
676
505
964
523
142
432
905
1158
346
960
583
1211
1101
667
1179
503
809
730
253
542
913
477
717
1178
160
197
374
1018
453
1076
298
349
1181
388
455
918
19
821
1074
719
1014
923
524
154
1027
883
554
28
1122
808
235
850
575
454
776
623
936
1161
120
199
1154
928
651
545
1023
920
504
1131
340
810
148
1113
982
652
574
188
159
380
307
294
915
506
713
834
979
751
620
1176
948
760
1247
82
1258
553
1107
97
1098
990
805
443
246
83
1083
907
543
491
144
54
128
413
9
1061
878
1096
280
608
387
617
1243
552
585
414
517
724
586
99
576
754
648
974
992
140
860
201
240
565
38
293
894
151
1163
1235
125
861
63
968
877
1012
939
792
354
549
375
841
1149
559
853
758
399
5
1191
796
981
297
1238
618
81
1143
26
88
986
344
953
1038
757
1266
118
972
589
450
91
940
404
902
484
85
1022
1037
11
663
1032
938
80
1254
301
173
447
458
255
410
611
1214
897
8
227
308
92
273
64
170
108
310
827
823
315
328
260
1224
109
904
195
615
1043
604
1177
988
959
20
525
407
581
352
39
507
677
701
605
845
457
205
129
233
75
27
593
672
48
1220
1257
1246
737
17
214
277
264
279
670
1081
779
217
1127
539
147
1145
588
1120
738
367
521
1065
360
790
362
748
193
87
436
242
708
560
1126
312
435
1047
467
369
998
520
993
187
577
23
1241
783
781
1102
921
276
732
425
345
1232
194
1239
881
1267
548
969
1249
1066
501
896
694
710
544
1157
165
683
967
416
665
110
952
222
306
171
1050
237
1088
376
327
350
1100
259
690
1110
925
638
934
1046
839
555
1114
1184
1148
480
621
679
1218
731
302
285
922
361
914
1117
289
102
962
1227
207
61
266
1133
1260
771
681
892
880
209
646
256
961
378
34
511
183
479
647
885
866
383
300
590
812
1085
219
1199
475
803
985
609
598
649
1155
927
584
409
406
114
594
541
119
223
377
459
1028
442
1159
1030
319
566
67
334
870
816
714
33
78
977
1054
1020
330
1016
288
203
1209
472
411
898
752
718
1147
546
797
634
329
77
372
831
919
842
774
1206
578
775
900
698
239
720
211
622
682
43
1
1213
79
685
848
1069
1221
1044
1119
879
1169
601
857
569
1173
488
689
444
385
793
890
1208
540
1017
637
956
52
607
461
984
1215
243
1172
782
632
335
723
55
226
107
368
353
131
267
464
975
668
342
466
587
1094
627
789
1142
1104
84
316
494
135
437
1194
429
901
712
547
1189
742
72
1212
528
518
957
1036
1152
381
498
886
150
228
1233
13
704
232
106
666
674
175
500
1229
746
991
291
722
769
499
21
139
846
32
1015
460
445
473
311
965
1185
434
1225
1093
675
671
332
519
