406
536
868
259
389
243
615
176
421
352
798
92
1062
74
1266
561
223
1140
66
611
654
63
300
405
786
1236
658
601
359
555
522
1195
287
503
807
1134
578
235
902
745
788
458
667
460
579
1173
776
1144
160
1243
1123
351
535
675
277
549
1201
468
197
1204
227
1081
280
724
738
582
475
517
1235
1101
407
994
1177
507
498
1135
177
366
427
872
423
474
1113
966
604
69
606
257
942
489
158
171
1095
1024
862
699
525
71
928
729
747
484
672
282
1147
983
1047
347
418
1093
1196
1250
895
1248
204
428
147
520
205
727
1077
483
54
753
1035
789
865
982
190
364
1008
398
1022
901
875
990
98
1217
896
1078
1128
343
1055
426
431
326
452
370
528
539
1214
662
1038
605
819
1061
926
1005
785
657
972
198
1132
684
490
392
1059
206
618
319
700
519
488
777
737
432
951
917
583
1090
871
469
946
1256
514
808
834
180
433
1227
269
441
839
1125
811
927
95
568
806
207
1143
403
1058
685
619
380
1060
151
771
196
1105
851
504
230
1045
114
455
538
1119
80
898
1088
1165
701
17
585
216
1252
122
155
267
820
61
1188
89
1142
661
825
861
115
943
995
721
434
613
858
815
931
337
317
229
647
660
1116
1225
373
733
303
631
878
1174
764
816
642
424
598
1262
1067
1066
832
711
630
454
1155
591
565
888
338
3
634
105
1028
1118
41
181
131
558
138
1133
1138
695
564
1211
752
1267
629
1205
436
397
34
846
873
293
344
473
893
135
150
546
209
837
754
429
283
178
315
305
38
1167
306
757
691
882
1240
760
26
20
1046
453
954
16
557
992
696
21
1043
683
128
290
48
356
959
499
1037
923
510
1082
275
274
774
294
184
439
938
162
134
562
83
1182
298
852
219
299
768
911
36
748
448
1190
417
682
1207
1163
570
626
640
581
897
1076
64
532
1086
1156
1239
527
385
794
401
1245
600
482
912
1161
552
731
924
1111
121
217
1115
1080
687
795
919
250
289
953
921
1019
638
610
5
168
592
312
322
202
814
1102
533
438
44
1126
242
1137
1169
796
13
841
1002
486
1085
751
362
84
688
464
948
1098
404
412
935
39
1254
874
93
823
932
716
212
348
1004
199
713
263
652
285
33
930
471
769
296
156
1089
1015
968
358
1184
1249
1191
1172
958
822
1072
681
933
104
1186
554
346
1070
390
1130
480
271
673
516
718
28
1010
179
494
116
189
950
459
86
1050
880
310
775
740
1049
1179
355
11
981
627
1064
43
1233
1007
182
40
736
1159
238
466
694
394
671
249
241
491
977
1230
743
636
288
830
962
18
191
961
551
845
376
339
547
395
537
1068
853
465
641
492
1026
444
1158
1016
22
979
224
1176
340
997
1106
976
970
567
430
1013
1215
703
971
1040
331
707
596
984
728
505
1011
967
677
159
735
1162
23
472
437
58
714
957
1109
719
50
945
651
787
260
621
1083
479
892
1018
540
14
323
119
575
698
381
108
72
273
94
980
541
251
998
379
1255
165
