320
668
1211
419
105
807
159
1040
1051
517
62
994
658
143
172
779
1239
491
1120
309
878
581
751
675
469
1142
324
617
130
453
955
461
376
734
559
190
273
433
911
151
264
493
806
742
568
107
533
429
317
86
508
998
521
596
729
1128
1210
822
153
1250
755
238
789
922
49
400
398
93
460
39
282
700
1214
1241
629
977
549
731
831
278
118
407
655
499
677
481
1015
1075
774
650
1092
576
1200
482
979
358
623
659
639
647
858
589
588
836
394
599
145
247
96
341
410
904
768
1171
1109
1002
1004
52
1140
1
961
406
1072
291
590
17
300
567
122
125
916
933
48
33
503
810
564
1098
882
283
931
1118
701
1175
44
1248
873
1264
1084
1077
1202
690
170
800
45
574
184
204
787
277
126
495
1151
757
817
315
110
1035
307
1099
263
1267
906
267
385
945
336
578
478
103
152
823
387
708
900
844
41
917
1050
667
606
35
607
368
1034
682
628
954
432
92
269
191
660
663
56
133
1167
234
181
369
1221
280
1170
1208
791
1193
489
754
108
781
604
680
997
926
1061
801
694
100
782
1056
1157
1132
37
1047
815
251
144
75
94
292
274
673
681
109
783
1009
1060
1224
220
618
373
905
875
1069
446
670
1165
964
486
167
1229
610
97
120
391
328
1104
1256
850
671
161
70
624
252
1152
1057
899
366
401
412
435
426
177
450
885
1265
1230
458
270
173
424
158
1024
81
381
538
903
519
920
798
1143
1116
978
257
738
1012
518
1101
1212
89
60
1112
54
23
243
1190
514
1062
199
592
575
115
323
1121
615
548
497
554
261
848
141
649
1232
399
13
232
1257
584
940
1231
1103
1225
1044
479
1039
1014
1185
11
1207
634
275
473
773
630
487
305
537
440
702
1111
609
1073
310
949
121
496
925
25
5
485
284
544
422
785
602
847
769
1245
1078
874
276
1117
693
1243
1020
563
498
891
758
867
188
1236
379
404
595
136
1063
534
551
1036
468
1192
27
260
321
198
699
718
913
339
591
352
752
418
991
811
1216
797
3
1097
250
437
935
90
1067
389
760
546
1266
594
968
155
40
803
664
737
240
901
149
980
21
1263
392
203
1137
950
1071
329
651
382
561
1008
746
586
1215
293
747
148
1038
1093
1213
355
1235
154
318
350
669
1025
1068
597
76
333
728
1249
476
31
202
286
963
1144
522
101
525
134
1074
454
571
343
64
973
1016
1217
137
860
384
520
1076
608
721
593
210
912
929
529
474
111
1154
716
1149
1070
12
621
1094
976
635
557
415
455
570
1091
545
175
975
511
849
1162
727
851
1161
974
78
18
893
573
1201
745
287
1136
14
1262
982
258
68
73
22
397
176
304
218
735
662
583
192
467
1065
1079
711
438
79
1048
685
516
741
1064
819
72
841
231
1166
189
1177
1125
898
914
367
444
272
887
641
195
830
10
71
1172
644
421
215
360
730
465
67
16
349
1042
340
338
165
698
344
129
1058
308
672
1032
541
1041
4
778
98
543
939
918
1033
492
