47
1135
154
731
28
825
418
275
13
270
616
636
709
478
34
703
517
100
460
1021
477
1195
599
1005
600
800
396
1234
81
951
367
540
84
133
126
42
897
597
273
56
842
375
722
223
972
152
551
43
905
161
346
433
36
577
1040
245
462
123
214
543
307
814
280
763
172
390
279
225
944
229
368
1202
725
177
392
495
264
898
1153
1217
571
458
1049
298
1261
1080
958
262
117
819
221
169
404
1041
701
408
1020
155
242
438
630
916
10
170
210
441
1199
766
173
575
579
1009
670
272
1078
917
1152
402
15
504
1243
925
405
113
914
874
285
534
620
602
1137
92
1218
24
875
1099
340
992
761
612
322
829
447
494
1166
786
726
1228
1053
1216
1240
908
788
297
604
166
471
780
613
949
1178
1185
160
702
899
712
196
16
74
38
688
772
574
544
421
1018
109
490
877
70
1083
938
578
532
112
801
12
1233
1063
1075
529
1042
1071
521
1085
1183
507
776
896
747
756
1058
655
439
301
831
82
1225
491
1121
603
25
1214
1077
974
1100
913
263
300
1259
78
564
139
299
1212
922
929
163
1055
1110
835
211
1252
1118
309
1002
805
524
423
1181
400
124
106
397
1035
804
556
934
391
37
448
639
162
760
980
347
541
1158
1173
335
67
130
859
257
907
453
327
695
867
510
1160
479
233
892
175
1014
569
337
833
343
1051
231
429
690
768
530
1238
360
539
66
94
1132
428
716
822
657
698
817
26
1162
303
312
945
30
332
902
483
664
762
1260
114
509
383
894
457
237
1030
566
1133
363
1109
63
1205
320
380
645
646
215
1031
86
190
480
194
759
1147
65
857
1208
205
57
683
436
711
588
789
304
871
1106
615
753
751
1066
1263
888
422
366
592
357
1001
1010
470
710
249
1232
20
6
752
960
1224
140
406
432
977
1113
1237
837
361
496
884
282
643
924
699
754
714
769
662
389
431
261
1235
812
890
1174
220
536
625
284
401
48
459
104
764
435
1207
1215
2
757
1101
1008
1097
795
157
767
295
452
1015
856
918
374
1142
558
889
410
844
1155
388
1248
77
783
198
238
700
618
704
250
991
345
935
150
734
1027
559
1062
586
1242
777
895
1114
1168
131
1069
614
967
466
644
858
469
174
995
659
1038
653
246
267
393
971
468
860
952
1086
950
1247
83
1151
652
906
209
204
966
926
488
107
723
791
1148
511
354
89
996
85
4
939
143
1213
1047
64
927
251
893
740
853
518
1266
1157
224
838
424
324
1169
654
773
861
961
1161
866
830
376
217
289
503
891
601
283
178
691
562
486
265
164
243
1191
770
1219
954
719
308
50
19
729
1186
1091
1067
5
102
165
137
778
394
1256
290
474
51
1073
1267
1011
1141
576
758
93
365
23
384
11
1164
1126
941
826
862
1172
775
885
356
622
21
1090
983
464
138
417
982
316
535
1139
994
1081
382
27
839
840
708
696
149
584
799
450
765
207
180
226
1072
266
7
797
1134
582
142
331
623
794
901
816
689
1257
