1077
789
1028
1173
314
1013
1128
335
147
1180
542
914
506
82
505
858
30
1263
893
611
1145
89
443
888
686
97
946
59
1011
421
145
1182
1063
1251
931
348
774
50
971
359
528
1151
162
462
865
905
77
212
53
889
500
844
985
1199
177
846
311
558
477
397
129
1025
364
1024
968
749
1027
405
622
736
731
0
1061
1103
246
1030
900
977
1039
761
1179
881
561
451
61
1191
1092
670
134
1155
513
139
426
754
1083
201
111
719
178
964
312
109
195
283
435
863
214
1215
259
231
181
806
956
416
1
518
1262
615
951
163
1087
1223
277
1185
733
286
81
632
114
1220
285
1137
290
975
270
227
1258
262
299
1110
466
300
691
867
952
1250
832
1076
712
424
1085
548
1167
472
800
380
318
562
390
681
151
871
940
110
711
752
552
63
1147
1031
193
1213
722
563
798
74
362
824
911
646
1026
808
986
620
906
1049
180
716
717
1048
159
535
306
1257
695
610
1235
1116
1186
99
839
780
95
938
1245
721
118
127
753
1156
775
1171
737
1022
1217
594
389
884
943
46
45
1100
994
1143
360
324
251
303
627
137
972
391
396
1072
785
384
1033
23
1029
672
308
575
1264
661
955
514
728
43
1078
507
1202
263
577
1109
199
735
108
333
570
1164
650
411
802
550
1260
173
425
1150
292
998
75
1142
771
793
133
690
1140
874
104
709
28
1098
455
742
368
1149
1059
431
665
373
209
56
1034
567
1188
150
545
1204
170
833
997
551
1152
783
357
743
1132
623
680
777
185
354
499
32
992
8
1236
155
812
42
1266
367
271
1096
841
69
546
192
295
154
842
959
1187
904
31
1065
797
156
238
1111
1091
860
11
855
58
274
172
33
569
66
140
293
689
395
605
1086
825
778
1163
200
36
953
638
202
958
814
1124
370
458
849
230
44
1240
907
1122
115
637
934
527
870
80
320
107
555
1205
71
694
65
612
755
414
936
973
830
205
816
811
1193
1036
182
987
175
790
245
568
909
79
831
102
9
744
556
93
659
710
920
1200
54
815
965
1216
1038
791
1174
1119
398
1114
152
453
490
502
698
5
772
617
822
1018
433
667
810
21
531
442
1040
55
891
399
1252
1021
1255
599
944
768
1242
1071
184
291
428
517
851
547
838
653
1233
850
981
673
158
1168
210
160
781
461
714
1203
544
247
379
1157
203
930
144
848
868
269
963
18
741
123
1075
120
305
1248
803
819
982
1144
62
1135
668
478
515
1080
1172
746
700
699
465
853
1117
84
926
894
538
1265
751
641
26
479
83
707
764
631
10
588
1201
1023
530
786
854
885
1106
1170
759
921
624
409
529
1194
512
915
249
278
221
7
135
207
883
501
873
309
353
73
334
437
422
782
1133
1066
939
1267
573
1068
429
1003
539
809
578
626
836
705
344
1244
141
703
989
1210
708
475
1238
593
766
358
481
688
962
266
664
750
138
272
100
356
654
559
760
228
76
439
215
117
1057
1104
662
795
459
88
1108
978
898
476
942
917
1005
