19
946
1150
564
1017
43
350
727
904
540
1061
638
829
249
440
37
693
754
390
233
660
449
454
959
522
826
780
293
461
719
1142
2
1131
534
334
1267
55
33
820
189
150
930
320
1086
379
157
869
253
1037
1075
690
1018
453
592
1070
979
991
1068
405
1228
167
448
1166
1182
48
1218
996
747
1146
738
736
832
147
1209
1008
924
451
1003
1159
292
215
926
625
1011
310
533
1045
185
338
521
584
571
574
384
913
255
675
337
740
777
971
133
227
102
691
685
896
224
599
912
1149
425
936
67
711
761
1038
844
452
531
432
88
135
273
906
1076
356
775
582
1140
1117
296
1062
126
748
1027
289
1052
105
119
1223
655
817
1239
1242
505
774
141
861
556
791
274
256
1126
974
421
634
793
619
409
188
1079
1235
689
286
807
850
229
767
281
604
629
154
413
716
1020
14
698
1236
627
75
347
96
618
46
439
762
815
644
545
668
939
975
311
933
399
106
393
203
1263
267
20
853
1077
369
1246
977
403
473
868
784
1222
276
265
1210
576
514
961
113
1185
32
1147
1128
760
1002
470
260
193
683
469
810
1121
1113
1217
513
441
769
145
1053
345
573
601
992
721
688
91
39
1014
243
226
50
213
89
447
1245
647
1012
424
497
1214
603
968
857
1107
895
958
244
391
813
129
420
1055
980
49
645
863
31
418
357
1108
17
845
710
1083
280
905
849
703
1030
819
58
1165
489
506
511
162
199
398
1082
1157
1262
843
654
612
387
585
555
1105
479
841
613
837
250
886
220
1169
78
626
465
200
290
720
426
907
498
285
483
166
383
1073
1074
595
1186
1049
381
216
759
825
1115
1197
488
1034
766
915
467
170
1176
878
478
692
171
184
890
496
917
74
1187
1195
731
257
787
1029
373
364
10
433
938
1046
422
485
1172
877
656
258
284
477
676
340
291
326
1094
778
1167
302
103
0
1124
631
883
636
1200
1005
211
1254
935
492
263
137
788
333
546
1181
779
589
1178
275
862
262
325
319
985
852
594
332
620
1060
1201
608
709
1250
15
187
1233
609
572
430
363
623
1161
652
191
526
138
923
695
1026
503
499
956
744
686
1057
1265
495
1084
838
558
653
1190
995
269
1249
882
1007
1031
1092
7
130
355
1042
1114
307
1204
1168
316
858
1255
388
1035
648
376
112
468
287
872
1033
948
44
1065
186
242
943
718
197
40
1189
423
670
851
459
986
888
27
855
739
876
800
1253
164
176
524
1155
1225
928
617
1116
294
1066
206
361
931
616
893
1101
6
181
941
1095
159
687
278
680
472
728
1193
335
919
235
535
891
871
204
840
1039
781
909
1205
515
352
1112
237
182
71
743
1232
776
1212
1135
404
368
1015
1184
402
1191
61
144
47
836
330
593
1123
1224
771
949
712
339
148
982
1088
745
1251
993
602
18
789
1021
92
365
123
443
839
56
577
1132
77
562
98
586
563
873
1138
537
60
80
922
797
304
854
1093
475
916
1010
34
1096
1164
239
879
870
560
615
63
1170
322
932
