48
246
164
93
72
1156
730
1215
1037
695
371
1046
734
1189
559
1148
586
355
1053
238
181
886
707
648
464
518
1262
691
160
96
3
941
460
911
1109
343
1013
551
285
1074
900
593
616
148
339
41
877
1185
1175
741
350
229
918
1167
414
338
1213
595
589
744
524
517
932
947
732
1217
717
312
923
1020
1056
283
1209
428
275
1082
492
17
56
215
212
757
1145
1163
547
1250
525
1132
1112
755
344
113
398
1062
660
1002
163
699
1137
185
887
1162
952
306
644
34
262
716
260
721
1129
749
268
1204
1098
359
1116
309
601
700
259
301
841
190
293
220
1172
1161
858
4
497
516
78
173
1097
397
738
1188
906
158
591
653
91
635
2
1263
125
394
244
1103
1025
1169
81
1084
143
917
566
149
987
372
433
59
1191
1230
884
147
329
221
1181
292
654
856
132
300
769
857
118
1228
435
294
1021
1131
1238
731
60
1091
1182
487
484
8
28
226
324
37
154
804
279
844
792
1257
956
821
526
318
467
57
1222
254
830
910
498
117
381
446
510
161
1015
658
818
813
787
102
611
13
745
50
209
934
403
701
594
796
810
1198
579
974
353
1146
407
509
1173
722
647
230
266
415
384
943
1071
759
962
1179
528
984
232
101
567
469
986
646
728
935
929
98
948
879
1017
1140
197
771
581
779
622
49
1199
760
865
878
265
26
580
281
274
1059
679
21
248
368
337
413
1264
530
590
706
139
652
38
529
36
87
623
835
362
33
998
1153
927
972
1118
637
775
314
976
1186
1077
253
255
632
806
978
382
491
1006
538
560
802
335
1086
521
388
189
1232
157
1030
621
345
672
726
499
1050
202
357
256
687
651
1245
937
422
1223
919
106
532
284
789
944
568
712
1043
305
490
386
444
1227
819
713
375
583
144
875
650
365
243
645
204
30
123
619
1005
1019
850
182
249
801
194
1126
584
602
79
970
1095
674
1139
463
493
1177
452
1075
236
399
656
1092
698
116
476
68
1105
474
866
94
1012
269
703
503
1147
321
1259
83
448
828
960
489
208
1258
124
54
235
1221
1187
354
409
356
1193
512
1244
46
852
620
480
228
61
951
136
772
404
341
1225
440
454
1035
774
564
313
676
1024
669
606
1104
853
1159
1233
1042
10
453
402
1251
973
330
432
439
291
561
569
922
631
964
55
838
1008
747
418
401
1224
1096
904
607
688
1125
1069
1205
1119
1176
574
519
781
462
966
851
777
1242
47
565
14
511
756
216
1267
142
45
207
108
767
1219
195
349
753
912
39
946
1253
166
737
1141
847
1196
603
89
975
374
641
242
103
1200
1088
145
1113
1210
881
280
1207
1031
1220
457
825
751
1246
578
520
642
928
885
210
297
1134
227
903
1111
74
495
224
895
630
290
311
1152
954
555
791
400
1234
770
88
576
128
198
425
1235
1201
536
296
251
1007
869
468
629
152
739
1190
1093
245
599
176
1216
146
129
295
449
379
556
289
1101
982
1100
638
9
471
839
1211
486
115
441
1072
543
634
983
