758
36
499
790
81
497
1015
1063
958
409
424
210
1242
782
328
270
829
1251
1009
714
618
1041
880
496
856
633
1225
781
1224
1246
1109
201
487
970
795
534
151
561
362
384
1064
999
857
825
332
605
507
972
1067
778
30
966
921
1256
155
774
1155
205
203
289
236
13
991
1131
341
315
952
44
876
325
490
1045
260
297
1196
532
767
583
144
945
1213
1056
91
76
878
421
146
318
1098
1053
984
427
577
1013
637
169
787
356
655
509
771
1066
870
50
82
404
1027
219
1174
181
481
558
77
473
931
116
1160
1029
663
49
1007
651
625
957
1087
845
1139
697
1199
814
567
1168
657
988
964
675
593
231
111
1153
1083
1145
438
316
426
360
1193
354
228
803
550
1141
372
569
1093
327
928
405
498
449
1172
838
119
555
815
1090
674
1001
955
1091
1118
363
670
1241
314
166
351
466
662
46
283
582
1133
950
992
1
1261
60
619
245
375
1190
743
38
389
126
168
434
977
575
89
396
628
573
768
213
1206
1117
1050
320
383
6
415
364
1019
229
1113
1036
331
430
1260
626
729
402
1119
403
751
1183
641
1248
1092
1043
642
113
257
1211
996
1008
537
896
218
899
273
530
1044
16
939
1084
789
890
1148
1157
234
1239
754
508
1143
171
55
912
180
18
176
173
1161
87
1253
319
883
1247
64
353
701
143
431
715
1249
400
777
24
432
924
299
1054
907
812
648
824
915
198
298
255
464
576
359
1215
796
463
443
160
1214
1097
676
470
376
420
23
910
596
1228
495
974
531
124
187
788
623
1104
749
182
756
212
647
580
148
398
793
294
196
278
1197
750
491
1210
949
9
352
571
685
112
692
1203
611
798
1237
53
142
80
802
284
22
627
1147
900
122
154
978
837
694
636
587
1052
962
609
202
1177
121
131
259
339
137
658
254
544
807
884
98
1031
374
724
1121
29
1159
891
448
313
691
822
578
120
349
914
541
519
232
826
475
1099
1047
220
1204
708
673
370
164
1229
336
881
61
397
616
925
153
764
1180
416
368
525
746
19
186
1200
874
517
72
241
1095
851
365
1070
324
217
193
209
12
965
720
922
905
916
993
243
1220
650
989
863
522
134
821
1170
1191
551
865
252
879
1235
1181
873
267
308
1061
250
300
1116
523
917
428
666
20
422
887
192
54
1078
441
1086
1108
791
272
207
631
906
14
620
1030
1035
1105
994
810
976
649
513
179
968
679
687
1217
263
65
302
934
287
1024
444
73
702
986
840
367
665
307
1218
240
607
184
378
613
562
350
1074
1094
728
506
528
133
32
835
604
408
1016
130
1205
772
677
902
736
288
233
524
17
882
705
740
590
159
1126
459
846
149
515
565
804
321
83
1114
306
630
967
127
138
588
898
1000
695
919
1150
1012
570
1037
1127
842
25
333
1111
872
40
1234
52
839
51
472
656
246
227
1028
830
947
893
769
503
1112
693
433
208
79
510
860
380
93
608
248
468
1165
745
533
437
761
108
132
738
833
118
549
1125
